Result: _result
Table: keys: []
                    _time:time                    cf_x:float                    cf_y:float                    cf_z:float            crest_factor:float              freq_alert:float            freq_ratio_x:float            freq_ratio_y:float            freq_ratio_z:float                  freq_x:float                  freq_y:float                  freq_z:float              kurtosis_x:float              kurtosis_y:float              kurtosis_z:float                    peak:float                     rms:float                     rpm:float                      vx:float                      vy:float                      vz:float
------------------------------  ----------------------------  ----------------------------  ----------------------------  ----------------------------  ----------------------------  ----------------------------  ----------------------------  ----------------------------  ----------------------------  ----------------------------  ----------------------------  ----------------------------  ----------------------------  ----------------------------  ----------------------------  ----------------------------  ----------------------------  ----------------------------  ----------------------------  ----------------------------
2026-07-10T15:08:17.746000000Z                          2.43                          1.39                          4.43                          4.43                             1                         14.21                         18.06                          1.03                         411.9                         523.7                          29.8                         3.321                         3.257                         3.632                          4.15                          3.77                        1739.7                           0.6                          0.44                          3.77
2026-07-10T15:08:47.786000000Z                          2.27                           1.4                           4.4                           4.4                             1                         12.52                          18.1                          1.03                         362.9                         524.7                          29.8                         2.829                         3.051                         3.596                          4.16                          3.71                        1739.3                          0.64                          0.34                          3.71
2026-07-10T15:09:17.733000000Z                          2.45                          1.34                          4.37                          4.37                             1                          14.2                          13.8                          1.03                         411.9                         400.2                          29.8                         3.072                         3.065                         3.428                          4.12                          3.67                        1739.9                          0.53                          0.45                          3.67
2026-07-10T15:09:47.781000000Z                          2.51                          1.38                          4.55                          4.55                             1                         15.38                         18.06                          1.03                           446                         523.7                          29.8                         3.433                         3.623                         4.036                          4.26                          3.75                          1740                          0.48                          0.33                          3.75
2026-07-10T15:10:17.823000000Z                          2.46                          1.36                          4.14                          4.14                             1                         14.21                          18.1                          1.03                         411.9                         524.7                          29.8                         3.361                         3.266                         3.326                           4.2                          3.68                        1739.5                          0.52                          0.32                          3.68
2026-07-10T15:10:47.902000000Z                          2.23                          1.34                          4.09                          4.09                             1                         14.21                          18.1                          1.03                         411.9                         524.7                          29.8                         2.969                         2.999                          3.23                          4.23                          3.89                        1739.5                          0.51                          0.32                          3.89
2026-07-10T15:11:17.945000000Z                          2.45                          1.39                          4.13                          4.13                             1                         12.45                         18.07                          1.03                         360.8                         523.7                          29.8                          3.29                         3.189                         3.493                          4.18                          3.97                          1739                          0.58                          0.33                          3.97
2026-07-10T15:11:48.000000000Z                          2.62                          1.42                          3.81                          3.81                             1                         15.35                         18.07                          1.03                         444.9                         523.7                          29.8                         3.429                          3.42                         3.368                          4.16                          4.02                        1738.8                          0.47                          0.32                          4.02
2026-07-10T15:12:17.978000000Z                          2.49                          1.34                          4.24                          4.24                             1                         14.25                          18.1                          1.03                           413                         524.7                          29.8                         3.065                         3.174                         3.462                          4.33                          3.87                        1738.9                          0.55                          0.35                          3.87
2026-07-10T15:12:47.987000000Z                          2.52                          1.41                          3.55                          3.55                             1                         15.93                          18.1                          1.03                         461.9                         524.7                          29.8                         3.551                         3.875                           3.1                          4.29                          3.97                        1739.2                           0.5                          0.35                          3.97
2026-07-10T15:13:18.027000000Z                          2.33                          1.37                          4.14                          4.14                             1                         15.35                         18.07                          1.03                         444.9                         523.7                          29.8                         3.187                         3.069                         3.697                          4.17                          3.89                        1739.3                          0.49                          0.34                          3.89
2026-07-10T15:13:48.113000000Z                          2.32                          1.34                          3.28                          3.28                             1                         12.45                         18.07                          1.03                         360.8                         523.7                          29.8                         3.029                         3.013                         3.053                          4.19                           3.8                        1739.3                          0.57                          0.31                           3.8
2026-07-10T15:14:18.181000000Z                          2.53                          1.42                          3.75                          3.75                             0                         15.31                         15.31                          1.03                         443.8                         443.8                          29.8                         3.234                         3.296                         3.242                          4.23                          3.86                          1739                          0.51                          0.42                          3.86
2026-07-10T15:14:48.199000000Z                          2.49                           1.5                          3.82                          3.82                             1                         17.66                          18.1                          1.03                           512                         524.7                          29.8                         3.096                         4.035                         3.559                          4.13                          3.92                        1739.1                          0.43                          0.33                          3.92
2026-07-10T15:15:18.204000000Z                          2.55                          1.41                          3.65                          3.65                             1                          15.9                          18.1                          1.03                         460.9                         524.7                          29.8                         3.186                          3.45                         3.097                          4.27                          3.81                        1739.4                          0.46                          0.36                          3.81
2026-07-10T15:15:48.190000000Z                          2.37                          1.37                           3.6                           3.6                             1                         15.97                          9.84                          1.03                           463                         285.2                          29.8                         3.074                         3.137                         3.292                          4.27                          3.97                        1739.3                          0.48                          0.63                          3.97
2026-07-10T15:16:49.751000000Z                          2.44                          1.35                          3.99                          3.99                             1                         12.41                         18.06                          1.03                         359.8                         523.7                          29.8                          3.28                         3.258                         3.278                          4.13                          4.13                        1739.4                          0.61                          0.33                          4.13
2026-07-10T15:17:19.885000000Z                          2.36                          1.36                          4.28                          4.28                             1                         12.41                         18.06                          1.03                         359.8                         523.7                          29.8                         2.946                         3.053                         3.398                          4.11                          3.89                        1739.5                          0.62                          0.34                          3.89
2026-07-10T15:17:50.753000000Z                          2.52                          1.49                          3.39                          3.39                             1                         16.42                         16.42                          1.03                         475.8                         475.8                          29.8                         3.147                          3.67                          3.09                          4.07                          3.99                        1738.8                          0.47                          0.38                          3.99
2026-07-10T15:18:20.851000000Z                          2.37                           1.4                          3.91                          3.91                             1                         16.41                         18.06                          1.03                         475.8                         523.7                          29.8                         3.259                         3.392                         3.306                          4.15                          3.95                        1739.5                          0.48                          0.35                          3.95
2026-07-10T15:18:50.693000000Z                          2.59                          1.41                           3.7                           3.7                             1                         15.31                          18.1                          1.03                         443.8                         524.7                          29.8                         3.455                         3.622                         3.318                          4.15                          3.71                        1739.4                           0.5                          0.34                          3.71
2026-07-10T15:19:20.846000000Z                          2.38                          1.43                          4.64                          4.64                             1                         15.31                          18.1                          1.03                         443.8                         524.7                          29.8                          3.19                         3.472                         3.605                           4.1                          3.81                        1739.6                          0.48                          0.33                          3.81
2026-07-10T15:19:50.840000000Z                          2.35                           1.4                          3.91                          3.91                             1                         12.45                         18.11                          1.03                         360.8                         524.7                          29.8                         3.077                         3.301                          3.14                          4.19                          3.96                        1738.8                          0.61                          0.35                          3.96
2026-07-10T15:20:20.944000000Z                          2.36                          1.34                          3.78                          3.78                             1                         15.35                          18.1                          1.03                         444.9                         524.7                          29.8                         2.937                         3.146                          3.22                          4.21                          3.98                        1739.1                          0.49                          0.33                          3.98
2026-07-10T15:20:51.082000000Z                          2.39                          1.35                          3.55                          3.55                             1                         15.35                          18.1                          1.03                         444.9                         524.7                          29.8                         3.254                         3.238                         2.989                          4.23                          3.86                        1739.4                           0.5                          0.34                          3.86
2026-07-10T15:21:21.135000000Z                          2.62                          1.36                          3.53                          3.53                             0                         15.35                         18.06                          1.03                         444.9                         523.7                          29.8                         3.224                         3.099                         3.015                          4.27                           3.8                        1739.5                          0.45                          0.31                           3.8
2026-07-10T15:22:22.715000000Z                           2.4                          1.41                          3.73                          3.73                             1                         14.25                         18.07                          1.03                           413                         523.7                          29.8                         3.172                         3.103                         3.147                           4.3                          3.88                        1738.9                          0.51                          0.33                          3.88
2026-07-10T15:22:35.494000000Z                          2.34                          1.33                          4.22                          4.22                             1                         15.35                         18.06                          1.03                         444.9                         523.7                          29.8                         3.216                         3.015                         3.578                          4.18                          4.18                        1739.5                          0.48                          0.33                          4.18
2026-07-10T15:23:05.599000000Z                          2.36                          1.41                          3.34                          3.34                             1                         15.35                         15.35                          1.03                         444.9                         444.9                          29.8                         3.155                         3.532                         3.025                          4.21                          3.92                        1739.5                          0.46                          0.38                          3.92
2026-07-10T15:23:35.747000000Z                          2.52                          1.48                          3.64                          3.64                             1                         15.35                         18.07                          1.03                         444.9                         523.7                          29.8                          3.11                         3.714                         3.141                          4.15                          4.13                        1739.2                          0.47                          0.32                          4.13
2026-07-10T15:24:05.741000000Z                          2.47                          1.37                          3.35                          3.35                             1                         15.97                         18.06                          1.03                           463                         523.7                          29.8                         3.479                         3.191                         2.957                          4.25                          3.79                        1739.5                          0.48                          0.32                          3.79
2026-07-10T15:24:35.790000000Z                          2.81                           1.4                           3.8                           3.8                             1                         14.21                          18.1                          1.03                         411.9                         524.7                          29.8                         3.738                         3.222                         3.156                          4.24                          3.71                        1739.5                          0.56                          0.36                          3.71
2026-07-10T15:25:05.880000000Z                          2.62                          1.38                          3.82                          3.82                             1                         15.35                         18.07                          1.03                         444.9                         523.7                          29.8                         3.203                         3.068                         3.241                           4.2                          3.88                        1739.2                           0.5                          0.34                          3.88
2026-07-10T15:25:35.914000000Z                          2.57                          1.43                          3.25                          3.25                             1                         15.28                          18.1                          1.03                         442.8                         524.7                          29.8                         3.313                         3.411                         2.945                          4.14                          3.98                        1739.3                          0.54                          0.34                          3.98
2026-07-10T15:26:05.891000000Z                          2.59                          1.41                          4.25                          4.25                             1                         14.21                          18.1                          1.03                         411.9                         524.7                          29.8                         3.423                         3.437                         3.891                          4.26                          3.76                        1739.3                          0.52                          0.33                          3.76
2026-07-10T15:26:35.964000000Z                           2.6                          1.44                          3.49                          3.49                             1                         14.21                          18.1                          1.03                         411.9                         524.7                          29.8                         3.342                         3.219                         3.268                          4.29                           3.8                          1739                          0.53                          0.34                           3.8
2026-07-10T15:27:06.066000000Z                          2.45                          1.41                          4.13                          4.13                             1                         17.69                          18.1                          1.03                           513                         524.7                          29.8                         3.189                         3.477                         3.303                          4.24                          3.94                        1739.5                          0.45                          0.36                          3.94
2026-07-10T15:27:36.126000000Z                          2.45                          1.35                          4.19                          4.19                             1                         16.37                         16.37                          1.03                         474.7                         474.7                          29.8                         3.198                         3.282                         3.522                           4.2                          3.75                        1739.5                           0.5                          0.36                          3.75
2026-07-10T15:28:06.161000000Z                          2.34                           1.4                          3.74                          3.74                             1                         14.21                         18.07                          1.03                         411.9                         523.7                          29.8                         2.925                         3.152                           3.2                          4.22                             4                        1739.3                          0.51                          0.34                             4
2026-07-10T15:28:36.232000000Z                          2.34                          1.42                          4.32                          4.32                             1                         15.35                         18.07                          1.03                         444.9                         523.7                          29.8                         3.204                         3.525                         3.715                           4.2                          3.86                        1739.2                          0.47                          0.32                          3.86
2026-07-10T15:29:06.320000000Z                          2.72                          1.39                          4.13                          4.13                             1                         14.21                         18.06                          1.03                         411.9                         523.7                          29.8                          3.93                         3.796                         3.221                          4.13                          3.82                        1739.6                          0.48                          0.43                          3.82
2026-07-10T15:29:36.397000000Z                          2.62                           1.4                          3.87                          3.87                             1                         15.35                         15.35                          1.03                         444.9                         444.9                          29.8                          3.41                         3.341                         3.249                          4.14                          3.98                        1739.4                          0.47                           0.4                          3.98
2026-07-10T15:30:06.812000000Z                          2.54                          1.37                          3.67                          3.67                             1                         15.35                         18.07                          1.03                         444.9                         523.7                          29.8                         3.258                         3.348                         3.174                           4.2                          3.93                        1738.9                          0.48                          0.34                          3.93
2026-07-10T15:30:36.501000000Z                          2.72                          1.38                          4.15                          4.15                             1                         14.24                          18.1                          1.03                           413                         524.7                          29.8                         3.546                         3.356                         3.183                           4.2                          3.76                        1739.6                          0.54                          0.35                          3.76
2026-07-10T15:31:06.551000000Z                          2.55                          1.42                          3.84                          3.84                             0                         18.72                         18.07                          1.03                         542.8                         523.7                          29.8                         3.556                         3.956                         3.249                          4.39                          3.81                        1739.3                          0.43                          0.34                          3.81
2026-07-10T15:31:36.535000000Z                          2.46                          1.42                          3.81                          3.81                             1                         15.31                         15.31                          1.03                         443.8                         443.8                          29.8                         3.204                         3.268                         3.358                          4.27                          3.87                        1739.2                          0.62                          0.36                          3.87
2026-07-10T15:32:06.656000000Z                          2.38                          1.39                           4.2                           4.2                             1                         15.35                          18.1                          1.03                         444.9                         524.7                          29.8                          3.01                         3.083                         3.502                          4.25                          3.88                        1739.3                          0.51                          0.35                          3.88
2026-07-10T15:32:36.708000000Z                          2.34                          1.34                          3.82                          3.82                             1                         14.21                          18.1                          1.03                         411.9                         524.7                          29.8                         3.023                         3.085                         3.257                          4.18                          3.87                        1739.5                          0.54                          0.36                          3.87
2026-07-10T15:33:06.767000000Z                          2.45                          1.45                          3.78                          3.78                             1                         15.28                         18.07                          1.03                         442.8                         523.7                          29.8                         3.282                         3.224                         3.142                          4.27                          4.06                        1738.9                           0.5                          0.37                          4.06
2026-07-10T15:33:36.789000000Z                          2.25                          1.35                          3.85                          3.85                             1                         14.21                         18.06                          1.03                         411.9                         523.7                          29.8                         2.763                         3.033                         3.218                          4.18                          4.01                        1739.6                          0.56                          0.36                          4.01
2026-07-10T15:34:06.788000000Z                          2.46                          1.35                          3.57                          3.57                             0                         15.35                         15.35                          1.03                         444.9                         444.9                          29.8                         3.165                         3.107                         3.163                          4.21                          3.72                        1739.5                          0.48                          0.38                          3.72
2026-07-10T15:34:36.821000000Z                          2.38                          1.37                          4.07                          4.07                             1                         15.35                         15.35                          1.03                         444.9                         444.9                          29.8                         3.271                         3.278                         3.646                          4.24                          4.07                        1739.3                          0.47                          0.41                          4.07
2026-07-10T15:35:06.978000000Z                          2.46                          1.37                          3.88                          3.88                             1                         15.35                         15.35                          1.03                         444.9                         444.9                          29.8                         3.098                         3.185                         3.097                          4.13                          3.89                        1739.3                          0.48                          0.33                          3.89
2026-07-10T15:35:37.013000000Z                          2.61                          1.38                          3.59                          3.59                             1                         14.25                         15.31                          1.03                           413                         443.8                          29.8                         3.395                         3.288                          3.32                          4.21                          3.82                        1739.4                          0.52                           0.4                          3.82
2026-07-10T15:36:07.156000000Z                          2.51                           1.4                          4.45                          4.45                             1                         14.21                         15.35                          1.03                         411.9                         444.9                          29.8                         3.213                         3.243                          3.94                          4.17                             4                        1739.4                          0.55                          0.42                             4
2026-07-10T15:36:37.230000000Z                          2.36                          1.36                           3.7                           3.7                             1                         15.31                          9.81                          1.03                         443.8                         284.2                          29.8                         2.994                         3.065                         3.207                          4.19                          4.19                        1738.8                          0.49                          0.63                          4.19
2026-07-10T15:37:07.208000000Z                          2.39                           1.4                          3.65                          3.65                             1                         14.21                          18.1                          1.03                         411.9                         524.7                          29.8                         3.306                         3.321                         3.141                          4.16                          3.94                        1739.6                          0.52                          0.33                          3.94
2026-07-10T15:37:37.316000000Z                          2.34                           1.4                          3.94                          3.94                             1                         16.41                         18.07                          1.03                         475.8                         523.7                          29.8                         3.289                         3.228                         3.402                          4.32                             4                        1739.3                          0.51                          0.34                             4
2026-07-10T15:38:07.326000000Z                          2.32                          1.41                          3.91                          3.91                             1                         15.31                         15.31                          1.03                         443.8                         443.8                          29.8                         2.967                         3.393                          3.52                          4.31                          3.96                          1739                          0.49                          0.41                          3.96
2026-07-10T15:38:37.346000000Z                          2.45                          1.33                          4.57                          4.57                             1                         15.31                         18.06                          1.03                         443.8                         523.7                          29.8                         2.978                         3.152                          3.69                          4.14                          3.73                        1739.5                          0.46                          0.32                          3.73
2026-07-10T15:39:07.492000000Z                          2.29                          1.36                          3.98                          3.98                             1                         14.24                         18.06                          1.03                           413                         523.7                          29.8                         2.924                         3.166                         3.651                          4.12                          3.99                        1739.7                          0.54                          0.32                          3.99
2026-07-10T15:39:37.482000000Z                          2.45                          1.36                          3.27                          3.27                             1                         15.31                         15.31                          1.03                         443.8                         443.8                          29.8                         3.428                         3.518                         2.938                          4.19                          3.75                        1739.4                          0.49                           0.4                          3.75
2026-07-10T15:40:07.689000000Z                          2.39                          1.37                          3.96                          3.96                             1                         16.41                         16.41                          1.03                         475.8                         475.8                          29.8                         2.859                         3.169                         3.239                          4.32                          3.83                        1739.5                          0.46                          0.37                          3.83
2026-07-10T15:40:37.714000000Z                          2.43                          1.38                          3.42                          3.42                             1                         15.31                          18.1                          1.03                         443.8                         524.7                          29.8                         2.904                         3.125                         3.234                          4.18                          3.79                        1739.1                          0.47                          0.34                          3.79
2026-07-10T15:41:07.687000000Z                          2.72                          1.47                          3.43                          3.43                             1                         15.35                         15.35                          1.03                         444.9                         444.9                          29.8                         3.556                         3.619                         3.134                          4.18                          3.85                        1739.4                          0.49                           0.4                          3.85
2026-07-10T15:41:37.767000000Z                          2.41                          1.47                          4.36                          4.36                             1                         15.31                         15.31                          1.03                         443.8                         443.8                          29.8                         2.964                         3.429                         3.544                          4.28                          4.03                        1739.1                          0.47                           0.4                          4.03
2026-07-10T15:42:07.857000000Z                          2.52                          1.39                          4.06                          4.06                             1                         15.31                          18.1                          1.03                         443.8                         524.7                          29.8                         3.631                         3.864                         3.361                          4.25                          4.01                        1738.9                          0.52                          0.36                          4.01
2026-07-10T15:42:37.884000000Z                          2.45                           1.4                          3.86                          3.86                             0                         15.31                           9.8                          1.03                         443.8                         284.2                          29.8                         3.694                         3.483                          3.42                          4.22                          3.86                        1739.4                          0.51                          0.65                          3.86
2026-07-10T15:43:07.921000000Z                          2.69                           1.4                          3.99                          3.99                             1                         14.25                          18.1                          1.03                           413                         524.7                          29.8                           3.7                         3.396                         3.386                          4.24                          3.95                        1739.1                          0.53                          0.35                          3.95
2026-07-10T15:43:38.041000000Z                          2.41                          1.38                          3.97                          3.97                             1                         14.21                          18.1                          1.03                         411.9                         524.7                          29.8                         3.094                         3.251                         3.368                          4.19                          3.79                        1739.4                          0.52                          0.35                          3.79
2026-07-10T15:44:08.060000000Z                          2.54                           1.4                          3.81                          3.81                             1                         15.38                         18.06                          1.03                           446                         523.7                          29.8                         3.164                         3.319                          3.25                          4.21                          3.86                        1739.5                          0.48                          0.34                          3.86
2026-07-10T15:44:38.080000000Z                           2.5                           1.4                          4.45                          4.45                             1                          16.6                          18.1                          1.03                         481.1                         524.7                          29.8                         3.161                         3.228                         3.632                          4.28                           3.9                          1739                          0.44                          0.33                           3.9
2026-07-10T15:45:08.154000000Z                           2.6                          1.39                          3.82                          3.82                             1                         15.31                         15.31                          1.03                         443.8                         443.8                          29.8                         3.292                         3.455                         3.126                          4.37                          3.93                        1739.7                          0.51                          0.44                          3.93
2026-07-10T15:45:38.204000000Z                          2.56                          1.42                          4.28                          4.28                             1                         14.25                         14.25                          1.03                           413                           413                          29.8                         3.327                         3.461                         3.731                          4.28                          4.03                        1739.2                          0.53                          0.44                          4.03
2026-07-10T15:46:08.344000000Z                          2.58                          1.41                          3.76                          3.76                             1                         15.38                         18.06                          1.03                           446                         523.7                          29.8                         2.894                         3.209                         3.163                          4.21                          3.85                        1739.4                          0.49                          0.34                          3.85
2026-07-10T15:46:38.312000000Z                          2.43                          1.37                          3.88                          3.88                             1                         15.34                         15.34                          1.03                         444.9                         444.9                          29.8                         3.194                         3.081                         3.275                          4.23                          3.85                        1739.9                          0.46                           0.4                          3.85
2026-07-10T15:47:08.348000000Z                           2.5                          1.45                           4.1                           4.1                             1                         14.24                         18.06                          1.03                           413                         523.7                          29.8                         3.086                         3.137                         3.489                           4.2                          4.12                        1740.1                          0.56                          0.37                          4.12
2026-07-10T15:47:38.461000000Z                          2.24                          1.37                          3.84                          3.84                             1                         14.21                         15.31                          1.03                         411.9                         443.8                          29.8                         2.886                          3.08                         3.096                          4.21                           3.9                        1739.5                          0.53                          0.42                           3.9
2026-07-10T15:48:08.538000000Z                          2.54                          1.45                          3.72                          3.72                             1                         15.34                         18.06                          1.03                         444.9                         523.7                          29.8                         3.459                         3.594                          3.22                          4.29                          4.08                        1739.8                          0.49                           0.4                          4.08
2026-07-10T15:48:38.636000000Z                          2.37                          1.33                          4.16                          4.16                             1                         15.34                         18.06                          1.03                         444.9                         523.7                          29.8                          3.11                         3.147                         3.291                          4.33                          3.95                        1740.3                          0.51                          0.35                          3.95
2026-07-10T15:49:08.723000000Z                          2.57                          1.35                          3.31                          3.31                             1                         13.84                         18.06                          1.03                         401.3                         523.7                          29.8                         3.151                         3.055                         3.026                           4.2                          3.98                        1739.9                          0.55                          0.35                          3.98
2026-07-10T15:49:39.201000000Z                          2.75                          1.43                          3.65                          3.65                             0                         15.27                         15.31                          1.03                         442.8                         443.8                          29.8                         3.529                         3.865                         3.129                          4.17                           3.9                        1739.8                          0.51                          0.41                           3.9
2026-07-10T15:50:08.803000000Z                          2.34                          1.41                          3.68                          3.68                             1                         17.06                         18.06                          1.03                         494.9                         523.7                          29.8                          2.93                          3.03                         3.351                          4.24                          3.93                        1740.2                          0.43                          0.37                          3.93
2026-07-10T15:50:38.786000000Z                           2.4                          1.37                          4.06                          4.06                             1                         13.81                          18.1                          1.03                         400.2                         524.7                          29.8                         3.256                         3.322                         3.525                          4.32                          3.95                        1739.1                          0.52                          0.32                          3.95
2026-07-10T15:51:08.771000000Z                          2.44                          1.34                          3.88                          3.88                             1                         15.34                         18.06                          1.03                         444.9                         523.7                          29.8                         3.087                         3.038                         3.143                          4.16                          3.71                        1739.9                          0.49                          0.34                          3.71
2026-07-10T15:51:38.797000000Z                          2.66                          1.45                          3.77                          3.77                             1                         13.84                         18.06                          1.03                         401.3                         523.7                          29.8                         3.456                         3.463                         3.244                          4.17                          3.88                        1739.6                          0.49                           0.4                          3.88
2026-07-10T15:52:08.878000000Z                          2.43                          1.37                          4.04                          4.04                             1                         15.34                         16.37                          1.03                         444.9                         474.7                          29.8                         3.187                         3.331                         3.435                          4.25                          3.78                        1739.6                          0.49                          0.38                          3.78
2026-07-10T15:52:38.852000000Z                          2.51                          1.45                          4.05                          4.05                             1                         15.35                         18.07                          1.03                         444.9                         523.7                          29.8                         3.218                         3.089                         3.293                          4.21                           4.1                        1739.3                           0.5                          0.36                           4.1
2026-07-10T15:53:08.881000000Z                          2.58                          1.41                          4.05                          4.05                             1                          13.8                          18.1                          1.03                         400.2                         524.7                          29.8                         3.188                          3.26                         3.222                          4.27                          3.76                        1739.4                          0.52                          0.33                          3.76
2026-07-10T15:53:38.961000000Z                          2.57                          1.45                          4.12                          4.12                             1                         15.35                         18.06                          1.03                         444.9                         523.7                          29.8                         3.453                         3.716                         3.564                          4.25                          4.05                        1739.4                           0.5                          0.37                          4.05
2026-07-10T15:54:09.106000000Z                          2.56                          1.41                          4.31                          4.31                             0                         15.35                         18.06                          1.03                         444.9                         523.7                          29.8                         3.484                         3.516                         3.539                          4.21                          4.21                        1739.5                          0.55                          0.37                          4.21
2026-07-10T15:54:39.126000000Z                          2.46                          1.43                          4.03                          4.03                             1                          17.1                         18.06                          1.03                           496                         523.7                          29.8                         3.192                         3.316                         3.312                          4.23                           3.9                        1740.2                          0.44                          0.36                           3.9
2026-07-10T15:55:09.097000000Z                           2.5                          1.46                          3.82                          3.82                             1                         14.28                         18.07                          1.03                           414                         523.7                          29.8                         3.237                         3.329                           3.2                          4.25                          4.11                        1739.2                          0.54                          0.35                          4.11
2026-07-10T15:55:39.108000000Z                          2.44                          1.35                          3.81                          3.81                             1                         15.34                         15.34                          1.03                         444.9                         444.9                          29.8                         2.982                         3.039                         3.222                          4.25                          3.88                        1739.9                           0.5                          0.42                          3.88
2026-07-10T15:56:09.166000000Z                          2.38                          1.36                          4.15                          4.15                             1                         15.38                         18.06                          1.03                           446                         523.7                          29.8                          3.01                         3.192                         3.365                          4.27                          3.93                        1739.7                          0.47                          0.33                          3.93
2026-07-10T15:56:39.208000000Z                          2.59                          1.39                           3.9                           3.9                             0                         15.34                         18.06                          1.03                         444.9                         523.7                          29.8                          3.32                         3.299                         3.299                          4.31                          3.91                        1739.6                          0.51                          0.37                          3.91
2026-07-10T15:57:09.262000000Z                          2.34                          1.44                           4.2                           4.2                             1                         14.28                         18.06                          1.03                           414                         523.7                          29.8                         3.132                         3.315                         3.433                          4.24                          3.95                        1739.4                          0.51                          0.33                          3.95
2026-07-10T15:57:39.411000000Z                          2.44                          1.39                          4.05                          4.05                             1                         14.21                         18.06                          1.03                         411.9                         523.7                          29.8                         3.109                         3.581                          3.42                          4.41                          3.88                        1739.7                          0.52                          0.34                          3.88
2026-07-10T15:58:09.452000000Z                          2.49                          1.43                          3.41                          3.41                             1                         14.21                         18.07                          1.03                         411.9                         523.7                          29.8                         2.961                         3.153                         3.014                          4.21                          3.83                        1739.3                          0.52                          0.33                          3.83
2026-07-10T15:58:39.514000000Z                          2.64                          1.44                          4.79                          4.79                             1                          9.87                          9.87                          1.03                         286.3                         286.3                          29.8                         3.353                         3.535                         3.722                          4.19                          3.91                        1739.7                          0.74                           0.6                          3.91
2026-07-10T15:59:09.674000000Z                          2.55                          1.39                          4.51                          4.51                             1                         15.38                         18.09                          1.03                           446                         524.7                          29.8                         3.186                         3.353                         4.055                          4.23                          3.85                        1739.9                          0.51                          0.35                          3.85
2026-07-10T15:59:40.191000000Z                          2.62                           1.4                          3.65                          3.65                             0                         15.41                         18.06                          1.03                           447                         523.7                          29.8                         3.199                         3.113                         3.091                           4.2                          3.98                        1739.9                          0.48                          0.34                          3.98
2026-07-10T16:00:09.729000000Z                          2.33                          1.39                           3.8                           3.8                             1                         15.34                         18.06                          1.03                         444.9                         523.7                          29.8                         2.946                         3.112                         3.417                          4.22                           3.9                        1740.3                          0.52                          0.37                           3.9
2026-07-10T16:00:39.834000000Z                           2.6                           1.4                          4.48                          4.48                             1                         15.34                         18.06                          1.03                         444.9                         523.7                          29.8                         3.315                         3.627                         3.508                          4.24                          3.89                        1739.9                           0.5                          0.35                          3.89
2026-07-10T16:01:09.876000000Z                          2.46                          1.41                          4.64                          4.64                             1                         15.34                         15.34                          1.03                         444.9                         444.9                          29.8                          3.24                         3.342                         3.895                          4.38                          4.02                          1740                          0.49                          0.41                          4.02
2026-07-10T16:01:39.975000000Z                          2.46                          1.39                          3.65                          3.65                             1                         15.38                         18.06                          1.03                           446                         523.7                          29.8                         3.095                         3.108                         3.055                           4.3                          4.01                        1739.6                          0.48                          0.34                          4.01
2026-07-10T16:02:10.035000000Z                          2.64                          1.41                          3.56                          3.56                             1                         15.38                         18.05                          1.03                           446                         523.7                          29.8                         3.361                         3.325                         3.147                          4.25                          3.92                        1740.4                          0.52                          0.37                          3.92
2026-07-10T16:02:40.148000000Z                          2.41                           1.4                          4.03                          4.03                             1                         15.38                         18.06                          1.03                           446                         523.7                          29.8                          3.25                         3.146                         3.242                          4.21                          4.07                        1739.8                          0.48                          0.33                          4.07
2026-07-10T16:03:10.241000000Z                          2.53                          1.34                          4.21                          4.21                             1                         15.38                         15.38                          1.03                           446                           446                          29.8                         3.262                         3.308                         3.579                          4.26                          3.93                          1740                          0.48                          0.39                          3.93
2026-07-10T16:03:40.243000000Z                          2.32                          1.38                          3.53                          3.53                             1                         15.35                         18.06                          1.03                         444.9                         523.7                          29.8                         3.008                         3.051                          2.96                          4.27                          4.01                        1739.5                          0.51                          0.35                          4.01
2026-07-10T16:04:10.262000000Z                          2.69                          1.47                          4.24                          4.24                             1                         15.35                         15.35                          1.03                         444.9                         444.9                          29.8                         3.554                         3.738                         3.501                          4.27                          4.03                        1739.5                          0.51                          0.45                          4.03
2026-07-10T16:04:40.336000000Z                          2.45                           1.4                          4.07                          4.07                             0                          14.2                         18.06                          1.03                         411.9                         523.7                          29.8                         3.366                         3.136                         3.455                          4.22                          4.14                        1740.1                          0.55                          0.36                          4.14
2026-07-10T16:05:10.476000000Z                          2.79                          1.42                          4.38                          4.38                             1                         14.24                          18.1                          1.03                           413                         524.7                          29.8                         3.484                         3.362                         3.664                          4.24                          4.06                        1739.6                          0.54                          0.34                          4.06
2026-07-10T16:05:40.440000000Z                          2.65                          1.47                          3.91                          3.91                             1                         15.38                         15.38                          1.03                           446                           446                          29.8                         3.377                         3.562                          3.25                           4.3                          4.19                        1739.6                          0.49                          0.43                          4.19
2026-07-10T16:06:10.524000000Z                          2.45                          1.39                          4.04                          4.04                             0                         17.03                         18.06                          1.03                         493.9                         523.7                          29.8                         3.058                         3.402                         3.543                          4.33                           4.1                        1740.3                          0.44                          0.34                           4.1
2026-07-10T16:06:40.539000000Z                          2.75                           1.4                          3.52                          3.52                             1                         15.38                          18.1                          1.03                           446                         524.7                          29.8                         3.488                         3.264                         3.182                          4.35                          3.92                        1739.4                          0.51                          0.36                          3.92
2026-07-10T16:07:10.578000000Z                          2.45                          1.37                          4.24                          4.24                             1                         15.31                          18.1                          1.03                         443.8                         524.7                          29.8                         3.193                         3.221                          3.48                          4.32                          4.07                        1739.5                          0.52                          0.34                          4.07
2026-07-10T16:07:40.654000000Z                          2.35                          1.35                          3.96                          3.96                             1                          14.2                         18.06                          1.03                         411.9                         523.7                          29.8                         2.882                         2.888                         3.268                          4.34                          3.89                        1740.2                          0.56                          0.36                          3.89
2026-07-10T16:08:10.752000000Z                          2.43                          1.35                          3.58                          3.58                             1                         15.34                         18.06                          1.03                         444.9                         523.7                          29.8                         2.904                         2.902                         3.299                          4.23                          3.79                        1739.6                           0.5                          0.35                          3.79
iotprom@ubuntu-s-2vcpu-2gb-sgp1:~$